4294967294,43
4294967294,1154
4294967294,55
4294967294,57
4294967294,61
4294967294,30
4294967294,97
4294967294,80
4294967294,415
4294967294,127
4294967294,126
4294967294,18
4294967294,12
4294967294,83
4294967294,68
4294967294,1158
4294967294,1157
4294967294,1153
4294967294,1152
4294967294,1078
4294967294,1075
4294967294,1072
4294967294,1069
4294967294,1068
4294967294,1065
4294967294,1055
4294967294,162
4294967294,11
4294967279,2
4294967278,174
4294967279,174
4294967278,372
4294967279,326
4294967294,115
4294967279,249
151,5
151,4
151,3
151,2
151,1
4294967279,246
4294967279,243
4294967294,1073
4294967294,1160
4294967294,1074
4294967278,237
149,4
149,3
149,2
149,1
4294967278,400
4294967279,216
4294967278,399
4294967279,522
4294967278,323
4294967278,321
4294967278,320
4294967279,516
4294967278,203
148,5
148,4
148,2
148,1
4294967279,201
4294967279,200
146,4
4294967279,197
146,3
146,2
146,1
4294967279,196
4294967278,382
4294967294,128
4294967279,319
4294967279,561
4294967278,358
4294967279,318
4294967278,398
4294967279,317
4294967278,0
4294967279,176
4294967278,172
4294967279,172
4294967278,170
145,5
145,4
145,2
145,1
4294967279,306
143,4
143,3
143,2
143,1
4294967279,302
4294967278,299
4294967278,349
4294967278,397
4294967279,157
4294967294,436
4294967294,159
4294967279,154
4294967279,260
4294967279,0
4294967279,88
142,5
142,4
142,2
142,1
4294967279,134
140,4
140,3
140,2
140,1
4294967294,469
4294967278,276
4294967294,393
4294967294,389
4294967294,423
4294967294,167
4294967294,111
4294967294,386
4294967294,409
4294967279,258
4294967279,575
139,5
139,4
139,2
139,1
4294967294,1071
4294967294,1079
4294967294,1155
4294967294,1077
4294967294,1159
4294967294,46
137,4
137,3
137,2
137,1
4294967278,244
4294967294,89
4294967279,242
4294967279,240
4294967279,234
4294967278,232
4294967279,231
4294967294,2
4294967294,1163
4294967278,220
4294967279,217
4294967279,280
4294967279,213
136,5
136,4
4294967279,214
136,2
136,1
4294967279,212
4294967279,211
4294967279,210
134,4
134,3
134,2
134,1
4294967279,207
4294967278,384
4294967278,383
4294967278,200
4294967279,325
4294967279,199
4294967294,81
4294967278,192
4294967279,193
4294967279,192
4294967279,191
133,5
133,4
4294967279,189
133,2
133,1
4294967278,357
4294967294,1082
131,4
131,3
131,2
131,1
4294967279,182
4294967279,179
4294967279,173
4294967278,350
4294967279,167
130,5
130,4
130,2
130,1
4294967279,303
4294967278,297
128,4
128,3
128,2
128,1
4294967279,152
4294967278,149
4294967278,148
4294967279,148
4294967278,374
4294967279,146
4294967278,145
4294967279,145
4294967278,144
4294967279,292
4294967278,289
4294967279,278
4294967279,291
4294967294,0
4294967294,50
4294967278,266
4294967294,186
4294967294,418
4294967294,410
4294967294,455
4294967294,461
4294967294,453
4294967294,403
4294967294,459
4294967278,265
4294967278,264
4294967279,264
127,5
4294967278,261
127,4
127,2
127,1
4294967278,277
4294967294,1156
4294967294,1064
4294967294,401
125,4
125,3
125,2
125,1
4294967278,370
4294967279,257
4294967278,396
4294967294,1
4294967294,37
4294967294,411
4294967294,129
4294967294,28
4294967294,27
4294967294,428
4294967279,527
4294967279,574
4294967278,395
4294967278,369
4294967279,573
4294967294,92
4294967294,88
4294967294,85
4294967278,367
4294967279,572
4294967278,327
0,5
4294967278,241
4294967278,238
4294967278,377
124,5
124,4
124,2
124,1
4294967294,17
4294967294,76
122,4
122,3
122,2
122,1
0,7
4294967294,22
4294967294,40
4294967294,107
4294967294,26
4294967294,52
4294967294,96
4294967294,94
4294967294,8
4294967294,67
4294967294,424
4294967294,51
4294967294,25
4294967294,82
4294967294,7
4294967294,6
4294967294,9
4294967294,42
4294967294,93
4294967294,95
4294967278,132
4294967278,131
4294967278,130
4294967278,129
4294967278,128
4294967278,127
4294967278,126
4294967278,125
4294967278,124
4294967278,123
4294967278,122
4294967278,121
4294967278,120
4294967278,119
4294967278,118
4294967278,117
4294967278,116
4294967278,115
4294967278,114
4294967278,113
4294967278,112
4294967278,111
4294967278,110
4294967278,109
4294967278,108
4294967278,107
4294967278,106
4294967278,105
4294967278,104
4294967278,103
4294967278,102
4294967278,101
4294967278,100
4294967278,99
4294967278,98
4294967278,97
4294967278,96
4294967278,95
4294967278,94
4294967278,93
4294967278,92
4294967278,91
4294967278,90
4294967278,89
4294967278,87
4294967278,86
4294967278,85
4294967278,84
4294967278,83
4294967278,82
4294967278,81
4294967278,80
4294967278,79
4294967278,78
4294967278,77
4294967278,76
4294967278,75
4294967278,74
4294967278,73
4294967278,72
4294967278,71
4294967278,70
4294967278,69
4294967278,68
4294967278,67
4294967278,63
4294967278,61
4294967278,60
4294967278,59
4294967278,58
4294967278,56
4294967278,55
4294967278,54
4294967278,52
4294967278,51
4294967278,45
4294967278,44
4294967278,43
4294967278,42
4294967278,41
4294967278,40
4294967278,39
4294967278,38
4294967279,24
4294967279,23
4294967279,21
4294967279,19
4294967279,12
4294967279,11
4294967279,10
4294967279,9
4294967279,8
4294967279,7
4294967279,6
4294967279,5
4294967279,4
121,5
121,4
121,2
121,1
4294967279,188
119,4
119,3
119,2
119,1
4294967279,183
4294967278,66
4294967278,380
4294967278,65
4294967279,178
4294967279,324
4294967278,64
4294967278,379
4294967279,177
4294967279,555
4294967279,171
4294967278,378
4294967279,169
4294967279,168
118,5
4294967279,165
118,4
118,2
118,1
4294967279,164
4294967279,159
116,4
4294967279,158
116,3
116,2
116,1
4294967278,376
4294967278,375
4294967279,323
4294967279,151
4294967278,62
4294967278,57
4294967278,53
4294967278,50
4294967278,49
4294967278,48
4294967278,47
4294967278,46
4294967278,344
4294967278,147
4294967279,144
4294967279,143
4294967294,1418
4294967294,153
4294967294,173
4294967294,190
4294967294,163
115,5
115,4
115,2
115,1
4294967278,394
4294967278,273
113,4
113,3
113,2
113,1
4294967278,267
4294967278,393
4294967278,262
4294967278,275
4294967279,259
112,5
112,4
112,2
112,1
4294967279,255
110,4
110,3
110,2
110,1
4294967278,243
4294967294,5
4294967279,239
4294967279,238
4294967293,131
4294967293,130
4294967293,129
4294967293,128
4294967293,127
4294967293,126
4294967293,125
4294967293,124
4294967293,123
4294967293,122
4294967293,121
4294967293,120
